-16.942238816738815, 9.666430735930735, 34.19459628472
-18.324572501220466, 11.168010372469798, 32.97925602800533
-19.713808790495584, 12.663206220630505, 31.717380701821273
-21.10945131066181, 14.152424780032314, 30.403176325567944
-22.510105702574247, 15.63693158268799, 29.02953653295298
-23.913668298284676, 17.118690054933126, 27.587584580241753
-25.316511180342832, 18.60112941695628, 26.065986831209564
-26.71260886223024, 20.089916334975566, 24.449881512936713
-28.09183309503629, 21.594322913433903, 22.71912174812718
-29.437190206249443, 23.129018945491786, 20.845201975625756
-30.718848581835246, 24.717099843481627, 18.785434715337555
-31.888842359910704, 26.388677426733004, 17.01800355075152
-32.883041130370636, 28.16974605612937, 16.269545369535997
-33.64475229839705, 30.061682879032922, 16.60660612033397
-34.1692369734522, 32.03303723544221, 18.02066558627509
-34.503960605350954, 34.04584298516108, 19.969825882103446
-34.71122686549921, 36.07604253610324, 22.564590273085177
-34.83827992647738, 38.11297924311941, 25.762653377344623
-34.917333720619766, 40.15239617554716, 27.106308578141384
-34.9685552084636, 42.19272312073127, 25.55607898582662
-35.00425732892765, 44.23338774065667, 23.905524400735782
-35.03257425001935, 46.274170201669406, 22.132214994682915
-35.05856112390866, 48.31498405484608, 20.203855290300606
-35.085539238613315, 50.35578492200057, 18.07087716575448
-35.1156158143654, 52.396542218239574, 15.649838492174341
-35.150091585536885, 54.43722973450886, 12.778039607231502
-35.189913417861845, 56.47781989826602, 9.03543849423622
-35.23569913419913, 58.518284992784956, 0.0000011920928955078125
-35.23569913419913, 58.51828499278499, 0
-35.71460369559786, 78.51255043118186, 0
endData
20
125.92
50
-16.942238816738815, 9.666430735930735, -37.314501443001475, 31.909615440115466, -34.40417821067821, 23.802286435786435, -35.23569913419913, 58.51828499278499
