-10.913712121212122, 23.386525974025975, 27.145730741847448
-12.937542296573515, 23.383720902800174, 25.611275109543218
-14.960403398051962, 23.32230927973849, 23.978859222431495
-16.97956604986762, 23.18631791564062, 22.40197205402288
-18.9899269440153, 22.954844063335646, 20.629627009262325
-20.98244542489667, 22.602221372629373, 19.098896135807088
-22.941364572248723, 22.096187247668908, 17.834404593539336
-24.841819520873308, 21.403103155747424, 16.70286177346985
-26.648358037471393, 20.493651292494203, 16.023380874231343
-28.32268574422457, 19.35937317542886, 15.81662880793114
-29.836825966067085, 18.01845692862477, 16.119455657629082
-31.184176105024935, 16.509540657183138, 16.816810957288453
-32.381589694399025, 14.87863865236206, 17.849418114570874
-33.455137146778824, 13.163351244321628, 19.15907827993094
-34.434028110803155, 11.392157390442117, 20.42655046976172
-35.34256340590587, 9.583760680158623, 20.11901001097682
-36.20112249515319, 7.751054338159164, 17.995023916379886
-37.02487514297142, 5.9024134107250115, 15.584163934397994
-37.82592020395194, 4.043807225555945, 12.724424020447561
-38.61313589243716, 2.1792950558004733, 8.997529122200364
-39.39330375180375, 0.31182034632034633, 0
-47.08561144411144, -18.149718115218114, 0
endData
20
92.81
50
-10.913712121212122, 23.386525974025975, -29.41505266955267, 23.594406204906203, -32.11749567099567, 17.77375974025974, -39.39330375180375, 0.31182034632034633
