-8.211269119769119, 59.14192568542568, 32.8456155319506
-10.262051501445658, 59.13918594252797, 31.572188571628836
-12.31280805439396, 59.12884888814429, 30.24519444458825
-14.36346473968905, 59.10640818658284, 28.857245334131456
-16.41383516349229, 59.06574629176428, 27.399081466183958
-18.46348386809054, 58.99819656075297, 25.858832238080907
-20.511434030608665, 58.89128478643934, 24.22085153561942
-22.555496276039893, 58.72656927749272, 22.463795879574672
-24.590512093724872, 58.47465418679309, 20.557241334169035
-26.604688358470277, 58.09202215947109, 18.45514121001233
-28.568553310825713, 57.50639002835086, 16.45237366866539
-30.41187233697672, 56.615396231830964, 14.506130892839122
-31.995628536447555, 55.32223966379681, 13.831860442585302
-33.178292903674176, 53.65417768133491, 14.751132488680177
-33.95623147084661, 51.760111059634276, 16.44971729570703
-34.43764388694349, 49.76793968171858, 18.780213068830676
-34.72739243460731, 47.73822071147981, 21.077336528611113
-34.89738941985279, 45.69468367793146, 20.25221307224684
-34.99025922768017, 43.64607616286507, 18.114184368618623
-35.03487388497947, 41.595806897888046, 15.687367223119537
-35.04837654852881, 39.54507831316287, 12.80869114721555
-35.04340884393017, 37.49430396245876, 9.057116219084973
-35.0278189033189, 35.44357936507938, 7.539457464619588e-7
-35.0278189033189, 35.443579365079366, 0
-34.844340386134185, 15.444420991944469, 0
endData
20
92.81
50
-8.211269119769119, 59.14192568542568, -34.40417821067817, 59.14192568542568, -35.23569913419913, 58.10252453102453, -35.0278189033189, 35.443579365079366
